#id	file_path	transparent_color_r	g	b
[TEXTURES]
0	textures\mario.png	255	255	255
20	textures\misc.png	176	224	248
10	textures\enemies.png	3	26	110
30	textures\gach.png	255	128	192
40	textures\hinh.png	127	255	142
50	textures\hinh.png	255	127	127
#id	left	top	right	bottom	texture_id
[SPRITES]
#=========MARIO 
10001	6	0	20	16	0
10002	36	0	49	16	0
10003	67	0	79	15	0
10004	95	0	111	16	0
10005	125	0	140	16	0
10006	155	0	171	16	0
10007	187	0	199	15	0
10008	216	0	230	15	0
10009	247	0	259	15	0
10010	275	0	291	16	0
10011	306	0	321	16	0
10012	335	0	351	16	0
10013	367	0	379	15	0
10014	397	0	410	16	0
10015	426	0	440	16	0
40008	215	120	231	136	0		
50001	5	154	21	182	0
50002	35	155	54	181	0
50003	65	154	84	181	0
50004	93	154	112	181	0
50005	125	155	141	181	0
50006	155	154	171	181	0
50007	186	154	200	181	0
50008	215	154	231	181	0
50009	246	154	260	181	0
50010	275	154	291	181	0
50011	305	155	321	181	0
50012	334	154	353	181	0
50013	362	154	381	181	0
50014	392	155	411	181	0
50015	425	154	441	182	0
11001	5	394	21	422	0
11002	35	395	54	421	0
11003	65	394	84	421	0
11004	93	394	112	421	0
11005	125	395	141	421	0
11006	155	394	171	421	0
11007	186	394	200	421	0
11008	215	394	231	421	0
11009	246	394	260	421	0
11010	275	394	291	421	0
11011	305	395	321	421	0
11012	334	394	353	421	0
11013	362	394	381	421	0
11014	392	395	411	421	0
10015	425	394	441	422	0
17001	5	633	21	663	0
17002	32	634	53	661	0
17003	61	634	84	662	0
17004	91	634	115	662	0
17005	122	634	143	661	0
17006	152	634	174	662	0
17007	182	634	203	662	0
17008	215	633	231	662	0
17009	243	634	264	662	0
17010	272	634	294	662	0
17011	303	634	324	661	0
17012	331	634	355	662	0
17013	362	634	385	662	0
17014	393	634	414	661	0
17015	425	633	441	663	0
	
#=======BRICK
20001	408	225	424	241	20
#GOOMBA
30001	5	14	21	29	10
30002	25	14	41	29	10
#die
30003	45	21	61	29	10

#====brick with question mark animation
40001	1140	0	1156	17	50
40002	1157	0	1173	17	50
40003	1174	0	1190	17	50
40004	1191	0	1207	17	50
40005	1208	0	1224	17	50
#=========GẠCH NỀN:
51001	443	154	459	170	40
51002	460	154	476	170	40
51003	477	154	493	170	40
51004	443	171	459	187	40
51005	460	171	476	187	40
51006	477	171	493	187	40
#==========HỘP XANH LÁ
110011	52	1	68	17	30
110012	52	18	68	34	30
110013	52	35	68	51	30
110014	69	1	85	17	30
110015	69	18	85	34	30
110016	69	35	85	51	30
110017	86	1	102	17	30
110018	86	18	102	34	30
110019	86	35	102	51	30
#=========HỘP XANH BIỂN
210011	52	52	68	68	30
210012	52	69	68	85	30
210013	52	86	68	102	30
210014	69	52	85	68	30
210015	69	69	85	85	30
210016	69	86	85	102	30
210017	86	52	102	68	30
210018	86	69	102	85	30
210019	86	86	102	102	30
#========HỘP TRẮNG
310011	1	1	17	17	30
310012	1	18	17	34	30
310013	1	35	17	51	30
310014	18	1	34	17	30
310015	18	18	34	34	30
310016	18	35	34	51	30
310017	35	1	51	17	30
310018	35	18	51	34	30
310019	35	35	51	51	30
#=========HỘP HỒNG
410011	1	52	17	68	30
410012	1	69	17	85	30
410013	1	86	17	102	30
410014	18	52	34	68	30
410015	18	69	34	85	30
410016	18	86	34	102	30
410017	35	52	51	68	30
410018	35	69	51	85	30
410019	35	86	51	102	30
#=========BÓNG
610011	103	77	111	85	30
610012	103	86	111	102	30
610013	103	103	111	111	30
610014	86	103	102	111	30
610015	77	103	85	111	30
#==========CÂY
510011	138	1	153	17	30
510012	137	18	153	34	30
510013	137	35	153	51	30
510014	137	52	153	68	30
510015	154	1	170	17	30
510016	154	18	170	34	30
510017	154	35	170	51	30
#====CỎ
510018	222	205	238	221	30
# ani_id	sprite1_id	time1	sprite2_id	time2	...
[ANIMATIONS]

# ==== MARIO =========
#LỚN ĐỨNG NHÌN PHẢI
400	50009	100
#LỚN ĐỨNG NHÌN TRÁI
401	50007	100
#NHỎ NHÌN PHẢI
402	10009	100
#NHỎ NHÌN TRÁI
403	10007	100
#LỬA NHÌN PHẢI
404	11009	100
#LỬA NHÌN TRÁI
405	11007	100
#ĐUÔI NHÌN PHẢI
406	17009	100
#ĐUÔI NHÌN TRÁI
407	17007	100
#LỚN QUA PHẢI
500	50009	100	50010	100	50011	100
#LỚN QUA TRÁI
501	50007	100	50006	100	50005	100
#NHỎ QUA PHẢI
502	10009	100	10010	100	10011	100
#NHỎ QUA TRÁI
503	10007	100	10006	100	10005	100
#LỬA QUA PHẢI
504	11009	100	11010	100	11011	100
#LỬA QUA TRÁI
505	11007	100	11006	100	11005	100
#ĐUÔI QUA PHẢI
506	17009	100	17010	100	17011	100
#ĐUÔI QUA TRÁI
507	17007	100	17006	100	17005	100
#CHẾT
599	40008	100

# ==== BRICK =========
#GẠCH THƯỜNG
601	20001	100
#GẠCH NỀN
602	51001	100
603	51002	100
604	51003	100
605	51004	100
606	51005	100
607	51006	100
#GẠCH HỎI
608	40001	100	40002	100	40003	100	40004	100
#====HỘP HỒNG
4111	410011	100
4112	410012	100
4113	410013	100
4114	410014	100
4115	410015	100
4116	410016	100
4117	410017	100
4118	410018	100
4119	410019	100
#==HỘP XANH LÁ
1111	110011	100
1112	110012	100
1113	110013	100
1114	110014	100
1115	110015	100
1116	110016	100
1117	110017	100
1118	110018	100
1119	110019	100
#===HỘP XANH BIỂN
2111	210011	100
2112	210012	100
2113	210013	100
2114	210014	100
2115	210015	100
2116	210016	100
2117	210017	100
2118	210018	100
2119	210019	100
#==HỘP TRẮNG
3111	310011	100
3112	310012	100
3113	310013	100
3114	310014	100
3115	310015	100
3116	310016	100
3117	310017	100
3118	310018	100
3119	310019	100
#==BÓNG
6111	610011	100
6112	610012	100
6113	610013	100
6114	610014	100
6115	610015	100
#===CÂY
5111	510011	100
5112	510012	100
5113	510013	100
5114	510014	100
5115	510015	100
5116	510016	100
5117	510017	100
#===CỎ
5118	510018	100
# ==== GOOMBA  =========
# walk
701	30001	100	30002	100
# die
702	30003	100


#
# id	ani1	ani2	ani3
#
[ANIMATION_SETS]
# MARIO
1	400	401	402	403	500	501	502	503	599	404	405	406	407	504	505	506	507
# BRICK 
2	601
# QUESTION MARK BRICK 
99	608
# GOOMBA
3	701	702
#GẠCH NỀN
4	602
5	603
6	604
7	605
8	606	
9	607
#HỘP XANH LÁ
11	1111
12	1112
13	1113
14	1114
15	1115
16	1116	
17	1117
18	1118
19	1119

# HỘP XANH BIỂN
21	2111
22	2112
23	2113
24	2114
25	2115
26	2116
27	2117
28	2118
29	2119
#HỘP TRẮNG
31	3111
32	3112
33	3113
34	3114	
35	3115
36	3116
37	3117
38	3118
39	3119
# HỘP HỒNG
41	4111
42	4112
43	4113
44	4114
45	4115
46	4116
47	4117
48	4118
49	4119
#BÓNG
61	6111
62	6112
63	6113
64	6114
65	6115
#CÂY
51	5111
52	5112
53	5113
54	5114
55	5115
56	5116
57	5117
#==CỎ
58	5118	
[OBJECTS]
# type	x	y	ani_set_id	extra_settings per object type
# type: 0 = Mario , 1 = Brick, 2 = Goomba

# BRICK 
# --- platform (hint: I created the list using Excel!) ----
1	32	150	4
1	48	150	5
1	64	150	5
1	80	150	5
1	96	150	5
1	112	150	5
1	128	150	5
1	144	150	5
1	160	150	5
1	176	150	5
1	192	150	5
1	208	150	5
1	224	150	5
1	240	150	5
1	256	150	5
1	272	150	5
1	288	150	5
1	304	150	5
1	320	150	5
1	336	150	5
1	352	150	5
1	368	150	5
1	384	150	5
1	400	150	5
1	416	150	5
1	432	150	5
1	448	150	5
1	464	150	5
1	480	150	5
1	496	150	5
1	512	150	5
1	528	150	5
1	544	150	5
1	560	150	5
1	576	150	5
1	592	150	5
1	608	150	5
1	624	150	5
1	640	150	5
#GẠCH LẦN 2
1	656	150	7
1	672	150	8
1	688	150	8
1	704	150	8
1	720	150	8
1	736	150	8
1	752	150	8
1	768	150	8
1	784	150	8
1	800	150	8
1	816	150	8
1	832	150	8
1	848	150	8
1	864	150	8
1	880	150	8
1	896	150	8
1	912	150	8
1	928	150	8
1	944	150	8
1	960	150	8
1	976	150	8
1	992	150	8
1	1008	150	8
1	1024	150	8
1	1040	150	8
1	1056	150	8
1	1072	150	8
1	1088	150	8
1	1104	150	9
1	656	134	4
1	672	134	5
1	688	134	5
1	704	134	5
1	720	134	5
1	736	134	5
1	752	134	5
1	768	134	5
1	784	134	5
1	800	134	5
1	816	134	5
1	832	134	5
1	848	134	5
1	864	134	5
1	880	134	5
1	896	134	5
1	912	134	5
1	928	134	5
1	944	134	5
1	960	134	5
1	976	134	5
1	992	134	5
1	1008	134	5
1	1024	134	5
1	1040	134	5
1	1056	134	5
1	1072	134	5
1	1088	134	5
1	1104	134	6
#LẦN 3
1	1184	150	4
1	1200	150	5
1	1216	150	5
1	1232	150	5
1	1248	150	5
1	1264	150	5
1	1280	150	5
1	1296	150	5
1	1312	150	5
1	1328	150	5
1	1344	150	5
1	1360	150	5
1	1376	150	5
1	1392	150	5
1	1408	150	5
1	1424	150	5
1	1440	150	5
1	1456	150	5
1	1472	150	5
1	1488	150	5
1	1504	150	5
1	1520	150	6
#LẦN 4
1	1568	150	4
1	1584	150	5
1	1600	150	5
1	1616	150	5
1	1632	150	6
#LẦN 5
1	1696	150	4
1	1712	150	5
1	1728	150	5
1	1744	150	5
1	1760	150	5
1	1776	150	5
1	1792	150	5
1	1808	150	5
1	1824	150	5
1	1840	150	5
1	1856	150	5
1	1872	150	5
1	1888	150	5
1	1904	150	5
1	1920	150	5
1	1936	150	5
1	1952	150	5
1	1968	150	5
1	1984	150	5
1	2000	150	5
1	2016	150	5
1	2032	150	5
1	2048	150	5
1	2064	150	5
1	2080	150	5
1	2096	150	5
1	2112	150	5
1	2128	150	5
1	2144	150	5
1	2160	150	5
1	2176	150	5
1	2192	150	5
1	2208	150	5
1	2224	150	5
1	2240	150	5
1	2256	150	6
#LẦN 6
1	2288	150	4
1	2304	150	5
1	2320	150	5
1	2336	150	5
1	2352	150	5
1	2368	150	5
1	2384	150	5
1	2400	150	5
1	2416	150	5
1	2432	150	5
1	2448	150	5
1	2464	150	5
1	2480	150	5
1	2496	150	5
1	2512	150	5
1	2528	150	5
1	2544	150	5
1	2560	150	5
1	2576	150	5
1	2592	150	5
1	2608	150	5
1	2624	150	5
1	2640	150	5
1	2656	150	5
1	2672	150	5
1	2688	150	5
1	2704	150	5
1	2720	150	5
1	2736	150	5
1	2752	150	5
1	2768	150	5
1	2784	150	5
1	2800	150	5
1	2816	150	5
1	2832	150	6

#CÂY 1
4	48	134	52
4	64	134	54
4	80	134	54
4	96	134	54
4	112	134	57
4	128	134	53
4	144	134	54
4	160	134	56
4	48	118	52
4	64	118	57
4	80	118	53
4	96	118	54
4	112	118	56
4	128	118	52
4	144	118	57
4	159	118	55
4	49	102	51
4	64	102	53
4	80	102	56
4	97	102	51
4	112	102	55
4	129	102	51
4	144	102	55
4	65	86	51
4	80	86	55
#CÂY 2
4	849	118	51
4	864	118	53
4	880	118	54
4	896	118	54
4	912	118	54
4	928	118	54
4	944	118	54
4	960	118	56
4	977	118	51
4	992	118	53
4	1008	118	54
4	1024	118	56
4	864	102	52
4	880	102	57
4	896	102	53
4	912	102	57
4	928	102	53
4	944	102	54
4	960	102	56
4	992	102	52
4	1008	102	57
4	1024	102	55
4	865	86	51
4	880	86	55
4	897	86	51
4	912	86	53
4	928	86	56
4	945	86	51
4	960	86	55
4	993	86	51
4	1008	86	55
4	913	70	51
4	928	70	55
#===CỎ
4	192	134	58
4	208	134	58
4	224	134	58
4	704	118	58
4	720	118	58
4	736	118	58
4	752	118	58
4	768	118	58
4	784	118	58
4	1072	118	58
4	1088	118	58
4	1216	134	58
4	1232	134	58
4	1760	134	58
4	1776	134	58
4	1792	134	58
#======GẠCH HỎI
1	208	86	99
1	224	86	99
1	256	38	99
1	272	38	99
1	688	118	99
1	736	86	99
1	448	54	99
1	1504	102	99
#====HỘP LẦN 1
4	272	134	43
4	288	134	46
4	304	134	49
4	272	118	42
4	288	118	45
4	304	118	48
5	272	102	41
5	288	102	44
5	304	102	47
4	320	134	26
4	336	134	29
4	320	118	25
4	336	118	28
4	320	102	25
4	336	102	28
4	304	86	22
4	320	86	25
4	336	86	28
5	304	70	21
5	320	70	24
5	336	70	27
4	320	134	62
4	320	118	62
4	320	110	61
4	352	134	62
4	352	118	62
4	352	102	62
4	352	86	62
4	352	78	61
#HỘP LẦN 2
4	432	134	13
4	448	134	16
4	464	134	16
4	480	134	16
4	496	134	19
4	512	134	46
4	528	134	46
4	544	134	13
4	560	134	16
4	576	134	16
4	592	134	16
4	608	134	16
4	624	134	19
4	432	118	12
4	448	118	15
4	464	118	15
4	480	118	15
4	496	118	18
4	512	118	45
4	528	118	45
5	544	118	11
5	560	118	14
5	576	118	14
5	592	118	14
5	608	118	14
5	624	118	17
5	432	102	11
5	448	102	14
5	464	102	14
5	480	102	14
5	496	102	17
4	512	102	45
4	528	102	45
4	544	102	48
4	560	102	35
4	576	102	35
4	592	102	38
4	496	86	42
4	512	86	45
4	528	86	45
4	544	86	48
4	560	86	35
4	576	86	35
4	592	86	38
5	496	70	41
5	512	70	44
5	528	70	44
5	544	70	47
4	560	70	35
4	576	70	35
4	592	70	38
4	544	54	32
4	560	54	35
4	576	54	35
4	592	54	38
5	544	38	31
5	560	38	34
5	576	38	34
5	592	38	37
#==HỘP LẦN 3
4	1296	134	13
4	1312	134	16
4	1328	134	16
4	1344	134	16
4	1360	134	16
4	1376	134	16
4	1392	134	19
4	1408	134	46
4	1424	134	49
4	1440	134	26
4	1456	134	29
5	1296	118	11
5	1312	118	14
5	1328	118	14
5	1344	118	14
5	1360	118	14
5	1376	118	14
5	1392	118	17
4	1408	118	45
4	1424	118	48
4	1440	118	25
4	1456	118	28
4	1328	102	42
4	1344	102	45
4	1360	102	45
4	1376	102	45
4	1392	102	45
4	1408	102	45
4	1424	102	48
4	1440	102	25
4	1456	102	28
5	1328	86	41
5	1344	86	44
5	1360	86	44
5	1376	86	44
5	1392	86	44
5	1408	86	44
5	1424	86	47
4	1440	86	25
4	1456	86	28
4	1360	70	22
4	1376	70	25
4	1392	70	25
4	1408	70	25
4	1424	70	25
4	1440	70	25
4	1456	70	28
5	1360	54	21
5	1376	54	24
5	1392	54	24
5	1408	54	24
5	1424	54	24
5	1440	54	24
5	1456	54	27
#=====HỘP LẦN 4

2	111	134	3
# MARIO
0	60.0	0	1

	

